player 716.000000 880.000000 195 53 29
enemycircular 1280.000000 880.000000 2 16.000000 11.000000 16.000000 5.500000
enemycircular 1280.000000 880.000000 2 16.000000 11.000000 16.000000 16.500000
enemycircular 1280.000000 880.000000 2 16.000000 11.000000 16.000000 15.000000
enemycircular 1280.000000 880.000000 2 16.000000 11.000000 16.000000 7.000000
enemycircular 1280.000000 880.000000 2 16.000000 11.000000 16.000000 13.500000
enemycircular 1280.000000 880.000000 2 16.000000 11.000000 16.000000 8.500000
enemycircular 1280.000000 880.000000 2 16.000000 11.000000 16.000000 12.000000
enemycircular 1280.000000 880.000000 2 16.000000 11.000000 16.000000 10.000000
enemycircular 1280.000000 880.000000 2 16.000000 11.000000 11.000000 11.000000
enemycircular 1280.000000 880.000000 2 16.000000 11.000000 12.500000 11.000000
enemycircular 1280.000000 880.000000 2 16.000000 11.000000 14.000000 11.000000
enemycircular 1280.000000 880.000000 2 16.000000 11.000000 15.500000 11.000000
enemycircular 1280.000000 880.000000 2 16.000000 11.000000 16.500000 11.000000
enemycircular 1280.000000 880.000000 2 16.000000 11.000000 18.000000 11.000000
enemycircular 1280.000000 880.000000 2 16.000000 11.000000 19.500000 11.000000
enemycircular 1280.000000 880.000000 2 16.000000 11.000000 21.000000 11.000000
boundary 800.000000 640.000000
boundary 880.000000 560.000000
boundary 960.000000 480.000000
boundary 1040.000000 400.000000
boundary 1120.000000 400.000000
boundary 1200.000000 400.000000
boundary 1280.000000 400.000000
boundary 1360.000000 400.000000
boundary 1440.000000 400.000000
boundary 1520.000000 480.000000
boundary 1600.000000 560.000000
boundary 1680.000000 640.000000
boundary 1680.000000 720.000000
boundary 1760.000000 720.000000
boundary 1840.000000 720.000000
boundary 1920.000000 800.000000
boundary 1920.000000 880.000000
boundary 1840.000000 960.000000
boundary 1760.000000 960.000000
boundary 1680.000000 960.000000
boundary 1680.000000 1040.000000
boundary 1600.000000 1120.000000
boundary 1520.000000 1200.000000
boundary 1440.000000 1280.000000
boundary 1360.000000 1280.000000
boundary 1280.000000 1280.000000
boundary 1200.000000 1280.000000
boundary 1120.000000 1280.000000
boundary 1040.000000 1280.000000
boundary 960.000000 1200.000000
boundary 880.000000 1120.000000
boundary 800.000000 1040.000000
boundary 800.000000 960.000000
boundary 720.000000 960.000000
boundary 640.000000 960.000000
boundary 560.000000 880.000000
boundary 560.000000 800.000000
boundary 640.000000 720.000000
boundary 720.000000 720.000000
boundary 800.000000 720.000000
coin 1040.000000 880.000000
coin 1280.000000 1120.000000
coin 1280.000000 640.000000
coin 1520.000000 880.000000
finish 1840.000000 800.000000
finish 1840.000000 880.000000
finish 1760.000000 880.000000
finish 1760.000000 800.000000
start 720.000000 880.000000
start 640.000000 880.000000
start 640.000000 800.000000
start 720.000000 800.000000
standard 1680.000000 880.000000
standard 1680.000000 800.000000
standard 800.000000 880.000000
standard 800.000000 800.000000
standard 1040.000000 960.000000
standard 1040.000000 880.000000
standard 1120.000000 880.000000
standard 1120.000000 800.000000
standard 1040.000000 800.000000
standard 960.000000 800.000000
standard 960.000000 880.000000
standard 960.000000 960.000000
standard 960.000000 1040.000000
standard 1040.000000 1040.000000
standard 1040.000000 1120.000000
standard 1120.000000 1120.000000
standard 1120.000000 1040.000000
standard 1120.000000 960.000000
standard 1200.000000 960.000000
standard 1200.000000 1040.000000
standard 1200.000000 1120.000000
standard 1280.000000 1120.000000
standard 1280.000000 1040.000000
standard 1280.000000 960.000000
standard 1360.000000 960.000000
standard 1360.000000 1040.000000
standard 1360.000000 1120.000000
standard 1440.000000 1120.000000
standard 1520.000000 1040.000000
standard 1440.000000 960.000000
standard 1440.000000 1040.000000
standard 1520.000000 960.000000
standard 1440.000000 720.000000
standard 1520.000000 720.000000
standard 1360.000000 720.000000
standard 1280.000000 720.000000
standard 1200.000000 720.000000
standard 1120.000000 720.000000
standard 1040.000000 720.000000
standard 960.000000 720.000000
standard 960.000000 640.000000
standard 1040.000000 640.000000
standard 1040.000000 560.000000
standard 1120.000000 560.000000
standard 1120.000000 640.000000
standard 1200.000000 640.000000
standard 1200.000000 560.000000
standard 1280.000000 560.000000
standard 1280.000000 640.000000
standard 1360.000000 640.000000
standard 1360.000000 560.000000
standard 1440.000000 560.000000
standard 1440.000000 640.000000
standard 1520.000000 640.000000
standard 1520.000000 560.000000
standard 1440.000000 480.000000
standard 1360.000000 480.000000
standard 1280.000000 480.000000
standard 1200.000000 480.000000
standard 1120.000000 480.000000
standard 1040.000000 480.000000
standard 960.000000 560.000000
standard 880.000000 640.000000
standard 880.000000 720.000000
standard 880.000000 800.000000
standard 880.000000 880.000000
standard 880.000000 960.000000
standard 880.000000 1040.000000
standard 960.000000 1120.000000
standard 1040.000000 1200.000000
standard 1120.000000 1200.000000
standard 1200.000000 1200.000000
standard 1280.000000 1200.000000
standard 1360.000000 1200.000000
standard 1440.000000 1200.000000
standard 1520.000000 1120.000000
standard 1600.000000 1040.000000
standard 1600.000000 960.000000
standard 1600.000000 640.000000
standard 1600.000000 720.000000
standard 1600.000000 800.000000
standard 1600.000000 880.000000
standard 1520.000000 880.000000
standard 1520.000000 800.000000
standard 1440.000000 800.000000
standard 1440.000000 880.000000
standard 1360.000000 880.000000
standard 1360.000000 800.000000
standard 1280.000000 800.000000
standard 1280.000000 880.000000
standard 1200.000000 880.000000
standard 1200.000000 800.000000 