player 830.000000 476.000000 195 53 29
boundary 1680.000000 1040.000000
boundary 1680.000000 1120.000000
boundary 1760.000000 1120.000000
boundary 1840.000000 1200.000000
boundary 1840.000000 1280.000000
boundary 1760.000000 1360.000000
boundary 1680.000000 1360.000000
boundary 1600.000000 1360.000000
boundary 1520.000000 1280.000000
boundary 1440.000000 1200.000000
boundary 1360.000000 1200.000000
boundary 1280.000000 1200.000000
boundary 1200.000000 1200.000000
boundary 1120.000000 1200.000000
boundary 1040.000000 1200.000000
boundary 960.000000 1200.000000
boundary 880.000000 1200.000000
boundary 800.000000 1200.000000
boundary 720.000000 1200.000000
boundary 640.000000 1120.000000
boundary 640.000000 1040.000000
boundary 640.000000 960.000000
boundary 640.000000 880.000000
boundary 640.000000 800.000000
boundary 640.000000 720.000000
boundary 640.000000 640.000000
boundary 640.000000 560.000000
boundary 640.000000 480.000000
boundary 640.000000 400.000000
boundary 720.000000 320.000000
boundary 800.000000 320.000000
boundary 880.000000 320.000000
boundary 960.000000 400.000000
boundary 960.000000 480.000000
boundary 1040.000000 480.000000
boundary 1120.000000 480.000000
boundary 1200.000000 480.000000
boundary 1360.000000 480.000000
boundary 1280.000000 480.000000
boundary 1440.000000 480.000000
boundary 1520.000000 480.000000
boundary 1600.000000 480.000000
boundary 1680.000000 480.000000
boundary 1760.000000 480.000000
boundary 1840.000000 560.000000
boundary 1840.000000 640.000000
coin 1758.000000 684.000000
enemylinear 1640.000000 1168.000000 2 20.500000 14.600000 20.549999 12.575000
enemylinear 1558.000000 1164.000000 2 19.475000 14.550000 19.450001 12.450000
enemylinear 1080.000000 1164.000000 2 13.500000 14.550000 13.450000 12.450000
enemylinear 1000.000000 1166.000000 2 12.500000 14.575000 12.500000 12.575000
enemylinear 1640.000000 600.000000 2 20.500000 7.500000 20.525000 9.550000
enemylinear 1560.000000 602.000000 2 19.500000 7.525000 19.500000 9.600000
enemylinear 1080.000000 600.000000 2 13.500000 7.500000 13.475000 9.625000
enemylinear 996.000000 602.000000 2 12.450000 7.525000 12.475000 9.600000
enemylinear 1640.000000 1166.000000 2 20.500000 14.575000 9.450000 14.525000
enemylinear 760.000000 1082.000000 2 9.500000 13.525000 20.500000 13.500000
enemylinear 1642.000000 1000.000000 2 20.525000 12.500000 9.450000 12.525000
enemylinear 760.000000 766.000000 2 9.500000 9.575000 20.500000 9.550000
enemylinear 1640.000000 686.000000 2 20.500000 8.575000 9.475000 8.600000
enemylinear 758.000000 604.000000 2 9.475000 7.550000 20.500000 7.475000
finish 1600.000000 1280.000000
finish 1680.000000 1280.000000
finish 1760.000000 1280.000000
finish 1760.000000 1200.000000
finish 1680.000000 1200.000000
finish 1600.000000 1200.000000
standard 1520.000000 1200.000000
standard 1600.000000 1120.000000
standard 1600.000000 1040.000000
standard 1600.000000 960.000000
standard 1520.000000 960.000000
standard 1520.000000 1040.000000
standard 1520.000000 1120.000000
standard 1440.000000 1120.000000
standard 1440.000000 1040.000000
standard 1440.000000 960.000000
standard 1360.000000 960.000000
standard 1360.000000 1040.000000
standard 1360.000000 1120.000000
standard 1280.000000 1120.000000
standard 1280.000000 1040.000000
standard 1280.000000 960.000000
standard 1200.000000 960.000000
standard 1200.000000 1040.000000
standard 1200.000000 1120.000000
standard 1120.000000 1120.000000
standard 1120.000000 1040.000000
standard 1120.000000 960.000000
standard 1040.000000 960.000000
standard 1040.000000 1120.000000
standard 1040.000000 1040.000000
standard 960.000000 1120.000000
standard 960.000000 1040.000000
standard 960.000000 1040.000000
standard 960.000000 960.000000
standard 880.000000 960.000000
standard 880.000000 1120.000000
standard 880.000000 1040.000000
standard 800.000000 960.000000
standard 800.000000 1040.000000
standard 800.000000 1120.000000
standard 720.000000 1120.000000
standard 720.000000 1040.000000
standard 720.000000 960.000000
start 880.000000 480.000000
start 880.000000 400.000000
start 800.000000 400.000000
start 800.000000 480.000000
start 720.000000 480.000000
start 720.000000 400.000000
standard 880.000000 560.000000
standard 880.000000 640.000000
standard 880.000000 720.000000
standard 800.000000 720.000000
standard 800.000000 640.000000
standard 800.000000 560.000000
standard 720.000000 560.000000
standard 720.000000 640.000000
standard 720.000000 720.000000
standard 720.000000 880.000000
standard 720.000000 800.000000
standard 800.000000 800.000000
standard 800.000000 880.000000
standard 880.000000 880.000000
standard 880.000000 800.000000
standard 960.000000 560.000000
standard 960.000000 640.000000
standard 960.000000 720.000000
standard 1040.000000 720.000000
standard 1040.000000 640.000000
standard 1040.000000 560.000000
standard 1200.000000 560.000000
standard 1120.000000 720.000000
standard 1120.000000 640.000000
standard 1120.000000 560.000000
standard 1200.000000 640.000000
standard 1200.000000 720.000000
standard 1280.000000 720.000000
standard 1280.000000 640.000000
standard 1280.000000 560.000000
standard 1360.000000 640.000000
standard 1360.000000 560.000000
standard 1360.000000 720.000000
standard 1440.000000 720.000000
standard 1440.000000 640.000000
standard 1440.000000 560.000000
standard 1520.000000 560.000000
standard 1520.000000 640.000000
standard 1520.000000 720.000000
standard 1600.000000 720.000000
standard 1600.000000 640.000000
standard 1600.000000 560.000000
standard 1680.000000 560.000000
standard 1680.000000 640.000000
standard 1680.000000 720.000000
standard 1760.000000 720.000000
standard 1760.000000 640.000000
standard 1760.000000 560.000000
boundary 1840.000000 720.000000
boundary 1760.000000 800.000000
boundary 1680.000000 800.000000
boundary 1600.000000 800.000000
boundary 1520.000000 800.000000
boundary 1440.000000 800.000000
boundary 1360.000000 800.000000
boundary 1680.000000 960.000000
boundary 1600.000000 880.000000
boundary 1520.000000 880.000000
boundary 1440.000000 880.000000
boundary 1360.000000 880.000000
boundary 1120.000000 880.000000
boundary 1040.000000 880.000000
boundary 960.000000 880.000000
boundary 960.000000 800.000000
boundary 1040.000000 800.000000
boundary 1120.000000 800.000000
boundary 1280.000000 800.000000
boundary 1280.000000 880.000000
boundary 1200.000000 880.000000
boundary 1200.000000 800.000000 