boundary 480.000000 1280.000000
boundary 480.000000 1200.000000
boundary 560.000000 1120.000000
boundary 640.000000 1120.000000
boundary 720.000000 1120.000000
boundary 720.000000 1040.000000
boundary 720.000000 960.000000
boundary 720.000000 880.000000
boundary 720.000000 800.000000
boundary 720.000000 720.000000
boundary 880.000000 640.000000
boundary 800.000000 640.000000
boundary 960.000000 640.000000
boundary 1040.000000 640.000000
boundary 1120.000000 640.000000
boundary 1200.000000 640.000000
boundary 1280.000000 640.000000
boundary 1280.000000 560.000000
boundary 1280.000000 480.000000
boundary 1280.000000 400.000000
boundary 1360.000000 320.000000
boundary 1440.000000 320.000000
boundary 1520.000000 320.000000
boundary 1600.000000 320.000000
boundary 1680.000000 320.000000
boundary 1760.000000 320.000000
boundary 1840.000000 320.000000
boundary 1920.000000 320.000000
boundary 2000.000000 400.000000
boundary 2000.000000 480.000000
boundary 1920.000000 560.000000
boundary 1840.000000 560.000000
boundary 1760.000000 560.000000
boundary 1760.000000 640.000000
boundary 1760.000000 720.000000
boundary 1760.000000 800.000000
boundary 1760.000000 880.000000
boundary 1760.000000 960.000000
boundary 1680.000000 1040.000000
boundary 1600.000000 1040.000000
boundary 1520.000000 1040.000000
boundary 1440.000000 1040.000000
boundary 1360.000000 1040.000000
boundary 1280.000000 1040.000000
boundary 1200.000000 1040.000000
boundary 1200.000000 1120.000000
boundary 1200.000000 1200.000000
boundary 1200.000000 1280.000000
boundary 1120.000000 1360.000000
boundary 1040.000000 1360.000000
boundary 960.000000 1360.000000
boundary 880.000000 1360.000000
boundary 800.000000 1360.000000
boundary 720.000000 1360.000000
boundary 640.000000 1360.000000
boundary 560.000000 1360.000000
enemylinear 1718.000000 998.000000 3 21.475000 12.475000 21.500000 5.525000
enemylinear 1642.000000 1006.000000 3 20.525000 12.575000 20.475000 5.425000
enemylinear 1562.000000 758.000000 3 19.525000 9.475000 19.500000 12.600000
enemylinear 1562.000000 444.000000 3 19.525000 5.550000 19.500000 8.525000
enemylinear 1482.000000 436.000000 3 18.525000 5.450000 18.500000 12.600000
enemylinear 1400.000000 440.000000 3 17.500000 5.500000 17.525000 12.550000
enemylinear 1324.000000 1004.000000 3 16.549999 12.550000 16.450001 9.500000
enemylinear 1240.000000 760.000000 3 15.500000 9.500000 15.500000 12.600000
enemylinear 1160.000000 1328.000000 3 14.500000 16.600000 14.500000 9.500000
enemylinear 1078.000000 1324.000000 3 13.475000 16.549999 13.500000 9.500000
enemylinear 1000.000000 1078.000000 3 12.500000 13.475000 12.500000 16.600000
enemylinear 1000.000000 760.000000 3 12.500000 9.500000 12.500000 12.500000
enemylinear 918.000000 758.000000 3 11.475000 9.475000 11.475000 16.549999
enemylinear 838.000000 756.000000 3 10.475000 9.450000 10.500000 16.500000
player 662.000000 1270.000000 195 53 29
finish 1760.000000 480.000000
finish 1840.000000 480.000000
finish 1920.000000 480.000000
finish 1920.000000 400.000000
finish 1840.000000 400.000000
finish 1760.000000 400.000000
start 720.000000 1200.000000
start 720.000000 1280.000000
start 640.000000 1280.000000
start 560.000000 1280.000000
start 560.000000 1200.000000
start 640.000000 1200.000000
standard 1680.000000 400.000000
standard 1600.000000 400.000000
standard 1520.000000 400.000000
standard 1440.000000 400.000000
standard 1360.000000 400.000000
standard 1360.000000 480.000000
standard 1440.000000 480.000000
standard 1520.000000 480.000000
standard 1600.000000 480.000000
standard 1680.000000 480.000000
standard 1680.000000 560.000000
standard 1600.000000 560.000000
standard 1440.000000 560.000000
standard 1520.000000 560.000000
standard 1360.000000 560.000000
standard 1120.000000 1280.000000
standard 1040.000000 1280.000000
standard 1040.000000 1200.000000
standard 1120.000000 1200.000000
standard 1120.000000 1120.000000
standard 1040.000000 1120.000000
standard 960.000000 1280.000000
standard 960.000000 1200.000000
standard 960.000000 1120.000000
standard 880.000000 1120.000000
standard 880.000000 1200.000000
standard 880.000000 1280.000000
standard 800.000000 1280.000000
standard 800.000000 1200.000000
standard 800.000000 1120.000000
standard 800.000000 1040.000000
standard 880.000000 1040.000000
standard 960.000000 1040.000000
standard 1040.000000 1040.000000
standard 1120.000000 1040.000000
standard 1360.000000 640.000000
standard 1680.000000 640.000000
standard 1600.000000 640.000000
standard 1520.000000 640.000000
standard 1440.000000 640.000000
standard 1680.000000 960.000000
standard 1680.000000 880.000000
standard 1680.000000 800.000000
standard 1680.000000 720.000000
standard 800.000000 720.000000
standard 800.000000 800.000000
standard 800.000000 880.000000
standard 800.000000 960.000000
standard 1600.000000 720.000000
standard 1520.000000 720.000000
standard 1440.000000 720.000000
standard 1360.000000 720.000000
standard 1280.000000 720.000000
standard 1200.000000 720.000000
standard 1120.000000 720.000000
standard 1040.000000 720.000000
standard 960.000000 720.000000
standard 880.000000 720.000000
standard 880.000000 960.000000
standard 960.000000 960.000000
standard 1040.000000 960.000000
standard 1120.000000 960.000000
standard 1200.000000 960.000000
standard 1280.000000 960.000000
standard 1360.000000 960.000000
standard 1440.000000 960.000000
standard 1520.000000 960.000000
standard 1600.000000 960.000000
standard 1600.000000 880.000000
standard 1520.000000 880.000000
standard 1440.000000 880.000000
standard 1360.000000 880.000000
standard 1280.000000 880.000000
standard 1200.000000 880.000000
standard 1120.000000 880.000000
standard 1040.000000 880.000000
standard 960.000000 880.000000
standard 880.000000 880.000000
standard 880.000000 800.000000
standard 1600.000000 800.000000
standard 1520.000000 800.000000
standard 1440.000000 800.000000
standard 1360.000000 800.000000
standard 1280.000000 800.000000
standard 960.000000 800.000000
standard 1040.000000 800.000000
standard 1120.000000 800.000000
standard 1200.000000 800.000000 