player 472.000000 846.000000 195 53 29
coin 1280.000000 1000.000000
coin 1280.000000 680.000000
enemycircular 1280.000000 840.000000 2 16.000000 10.500000 13.500000 10.500000
enemycircular 1280.000000 840.000000 2 16.000000 10.500000 14.000000 10.500000
enemycircular 1280.000000 840.000000 2 16.000000 10.500000 14.500000 10.500000
enemycircular 1280.000000 840.000000 2 16.000000 10.500000 15.000000 10.500000
enemycircular 1280.000000 840.000000 2 16.000000 10.500000 15.500000 10.500000
enemycircular 1280.000000 840.000000 2 16.000000 10.500000 18.500000 10.500000
enemycircular 1280.000000 840.000000 2 16.000000 10.500000 18.000000 10.500000
enemycircular 1280.000000 840.000000 2 16.000000 10.500000 17.500000 10.500000
enemycircular 1280.000000 840.000000 2 16.000000 10.500000 17.000000 10.500000
enemycircular 1280.000000 840.000000 2 16.000000 10.500000 16.500000 10.500000
enemycircular 1280.000000 840.000000 2 16.000000 10.500000 16.000000 13.000000
enemycircular 1280.000000 840.000000 2 16.000000 10.500000 16.000000 12.500000
enemycircular 1280.000000 840.000000 2 16.000000 10.500000 16.000000 12.000000
enemycircular 1280.000000 840.000000 2 16.000000 10.500000 16.000000 11.500000
enemycircular 1280.000000 840.000000 2 16.000000 10.500000 16.000000 11.000000
enemycircular 1280.000000 840.000000 2 16.000000 10.500000 16.000000 8.000000
enemycircular 1280.000000 840.000000 2 16.000000 10.500000 16.000000 8.500000
enemycircular 1280.000000 840.000000 2 16.000000 10.500000 16.000000 9.000000
enemycircular 1280.000000 840.000000 2 16.000000 10.500000 16.000000 9.500000
enemycircular 1280.000000 840.000000 2 16.000000 10.500000 16.000000 10.000000
enemylinear 1880.000000 1000.000000 1 23.500000 12.500000 20.500000 12.500000
enemylinear 1880.000000 920.000000 1 23.500000 11.500000 20.500000 11.500000
enemylinear 1880.000000 760.000000 1 23.500000 9.500000 20.500000 9.500000
enemylinear 1880.000000 680.000000 1 23.500000 8.500000 20.500000 8.500000
enemylinear 920.000000 1000.000000 1 11.500000 12.500000 8.500000 12.500000
enemylinear 920.000000 920.000000 1 11.500000 11.500000 8.500000 11.500000
enemylinear 920.000000 760.000000 1 11.500000 9.500000 8.500000 9.500000
enemylinear 920.000000 680.000000 1 11.500000 8.500000 8.500000 8.500000
enemylinear 1960.000000 680.000000 2 24.500000 8.500000 24.500000 12.500000
enemylinear 1880.000000 1000.000000 2 23.500000 12.500000 23.500000 8.500000
enemylinear 1800.000000 680.000000 2 22.500000 8.500000 22.500000 12.500000
enemylinear 1720.000000 1000.000000 2 21.500000 12.500000 21.500000 8.500000
enemylinear 1640.000000 680.000000 2 20.500000 8.500000 20.500000 12.500000
enemylinear 1560.000000 1000.000000 2 19.500000 12.500000 19.500000 8.500000
enemylinear 1000.000000 680.000000 2 12.500000 8.500000 12.500000 12.500000
enemylinear 920.000000 1000.000000 2 11.500000 12.500000 11.500000 8.500000
enemylinear 840.000000 680.000000 2 10.500000 8.500000 10.500000 12.500000
enemylinear 760.000000 1000.000000 2 9.500000 12.500000 9.500000 8.500000
enemylinear 680.000000 680.000000 2 8.500000 8.500000 8.500000 12.500000
enemylinear 600.000000 1000.000000 2 7.500000 12.500000 7.500000 8.500000
boundary 640.000000 560.000000
boundary 720.000000 560.000000
boundary 800.000000 560.000000
boundary 880.000000 560.000000
boundary 960.000000 560.000000
boundary 1040.000000 560.000000
boundary 1120.000000 560.000000
boundary 1200.000000 560.000000
boundary 1280.000000 560.000000
boundary 1360.000000 560.000000
boundary 1520.000000 560.000000
boundary 1440.000000 560.000000
boundary 1600.000000 560.000000
boundary 1680.000000 560.000000
boundary 1760.000000 560.000000
boundary 1840.000000 560.000000
boundary 1920.000000 560.000000
boundary 2000.000000 640.000000
boundary 2080.000000 640.000000
boundary 2160.000000 720.000000
boundary 2160.000000 800.000000
boundary 2160.000000 880.000000
boundary 2080.000000 960.000000
boundary 2000.000000 960.000000
boundary 1920.000000 1040.000000
boundary 1840.000000 1040.000000
boundary 1760.000000 1040.000000
boundary 1680.000000 1040.000000
boundary 1600.000000 1040.000000
boundary 1520.000000 1040.000000
boundary 1440.000000 1040.000000
boundary 1360.000000 1040.000000
boundary 1280.000000 1040.000000
boundary 1200.000000 1040.000000
boundary 1120.000000 1040.000000
boundary 1040.000000 1040.000000
boundary 960.000000 1040.000000
boundary 880.000000 1040.000000
boundary 800.000000 1040.000000
boundary 720.000000 1040.000000
boundary 640.000000 1040.000000
boundary 560.000000 1040.000000
boundary 480.000000 960.000000
boundary 400.000000 960.000000
boundary 320.000000 880.000000
boundary 320.000000 800.000000
boundary 320.000000 720.000000
boundary 400.000000 640.000000
boundary 480.000000 640.000000
boundary 560.000000 560.000000
standard 800.000000 640.000000
standard 800.000000 720.000000
standard 880.000000 720.000000
standard 880.000000 640.000000
standard 960.000000 640.000000
standard 960.000000 720.000000
standard 1040.000000 720.000000
standard 1040.000000 640.000000
standard 1120.000000 640.000000
standard 1120.000000 720.000000
standard 1200.000000 720.000000
standard 1200.000000 640.000000
standard 1280.000000 640.000000
standard 1280.000000 720.000000
standard 1360.000000 720.000000
standard 1360.000000 640.000000
standard 1440.000000 640.000000
standard 1440.000000 720.000000
standard 1520.000000 720.000000
standard 1520.000000 640.000000
standard 1600.000000 640.000000
standard 1600.000000 720.000000
standard 1680.000000 720.000000
standard 1680.000000 640.000000
standard 1760.000000 640.000000
standard 1760.000000 720.000000
standard 1840.000000 720.000000
standard 1840.000000 640.000000
standard 1920.000000 640.000000
standard 1920.000000 720.000000
standard 1920.000000 880.000000
standard 1920.000000 960.000000
standard 1840.000000 960.000000
standard 1840.000000 880.000000
standard 1760.000000 880.000000
standard 1760.000000 960.000000
standard 1680.000000 960.000000
standard 1680.000000 880.000000
standard 1600.000000 880.000000
standard 1600.000000 960.000000
standard 1520.000000 960.000000
standard 1520.000000 880.000000
standard 1440.000000 880.000000
standard 1440.000000 960.000000
standard 1360.000000 960.000000
standard 1360.000000 880.000000
standard 1280.000000 880.000000
standard 1280.000000 960.000000
standard 1200.000000 960.000000
standard 1200.000000 880.000000
standard 1120.000000 880.000000
standard 1120.000000 960.000000
standard 1040.000000 960.000000
standard 1040.000000 880.000000
standard 960.000000 880.000000
standard 960.000000 960.000000
standard 880.000000 960.000000
standard 880.000000 880.000000
standard 800.000000 880.000000
standard 800.000000 960.000000
standard 720.000000 960.000000
standard 720.000000 880.000000
standard 720.000000 720.000000
standard 720.000000 640.000000
standard 640.000000 640.000000
standard 640.000000 720.000000
standard 640.000000 880.000000
standard 640.000000 960.000000
standard 560.000000 960.000000
standard 560.000000 880.000000
standard 560.000000 640.000000
standard 560.000000 720.000000
finish 2080.000000 720.000000
finish 2080.000000 800.000000
finish 2080.000000 880.000000
finish 2000.000000 880.000000
finish 2000.000000 800.000000
finish 2000.000000 720.000000
start 480.000000 880.000000
start 400.000000 880.000000
start 400.000000 800.000000
start 400.000000 720.000000
start 480.000000 720.000000
start 480.000000 800.000000
standard 1920.000000 800.000000
standard 1840.000000 800.000000
standard 1760.000000 800.000000
standard 1680.000000 800.000000
standard 1600.000000 800.000000
standard 1520.000000 800.000000
standard 1440.000000 800.000000
standard 1360.000000 800.000000
standard 1280.000000 800.000000
standard 560.000000 800.000000
standard 640.000000 800.000000
standard 720.000000 800.000000
standard 800.000000 800.000000
standard 880.000000 800.000000
standard 960.000000 800.000000
standard 1040.000000 800.000000
standard 1120.000000 800.000000
standard 1200.000000 800.000000 