player 586.000000 554.000000 195 53 29
boundary 480.000000 400.000000
boundary 560.000000 400.000000
boundary 640.000000 400.000000
boundary 720.000000 960.000000
boundary 720.000000 880.000000
boundary 720.000000 800.000000
boundary 720.000000 720.000000
boundary 560.000000 640.000000
boundary 640.000000 640.000000
boundary 720.000000 640.000000
boundary 720.000000 560.000000
boundary 720.000000 480.000000
boundary 800.000000 400.000000
boundary 880.000000 400.000000
boundary 960.000000 400.000000
boundary 1040.000000 400.000000
boundary 1120.000000 400.000000
boundary 1200.000000 400.000000
boundary 1280.000000 400.000000
boundary 1360.000000 960.000000
boundary 1360.000000 880.000000
boundary 1360.000000 800.000000
boundary 1360.000000 720.000000
boundary 1360.000000 640.000000
boundary 1360.000000 560.000000
boundary 1360.000000 480.000000
boundary 1440.000000 400.000000
boundary 1520.000000 400.000000
boundary 1600.000000 400.000000
boundary 1680.000000 400.000000
boundary 1760.000000 400.000000
boundary 1840.000000 400.000000
boundary 1920.000000 400.000000
boundary 2000.000000 400.000000
boundary 2080.000000 480.000000
boundary 2080.000000 560.000000
boundary 2080.000000 640.000000
boundary 2080.000000 720.000000
boundary 2080.000000 800.000000
boundary 2080.000000 880.000000
boundary 2080.000000 960.000000
boundary 2080.000000 1040.000000
boundary 2080.000000 1120.000000
boundary 2080.000000 1200.000000
boundary 2000.000000 1280.000000
boundary 1920.000000 1280.000000
boundary 1840.000000 1280.000000
boundary 1760.000000 1200.000000
boundary 1760.000000 1120.000000
boundary 1920.000000 1040.000000
boundary 1840.000000 1040.000000
boundary 1760.000000 960.000000
boundary 1760.000000 880.000000
boundary 1760.000000 800.000000
boundary 1760.000000 720.000000
boundary 1680.000000 720.000000
boundary 1680.000000 800.000000
boundary 1680.000000 880.000000
boundary 1680.000000 960.000000
boundary 1680.000000 1040.000000
boundary 1680.000000 1120.000000
boundary 1680.000000 1200.000000
boundary 1520.000000 1280.000000
boundary 1600.000000 1280.000000
boundary 1440.000000 1280.000000
boundary 1280.000000 1280.000000
boundary 1360.000000 1280.000000
boundary 1200.000000 1280.000000
boundary 1120.000000 1280.000000
boundary 1040.000000 720.000000
boundary 1040.000000 800.000000
boundary 1040.000000 880.000000
boundary 1040.000000 960.000000
boundary 1040.000000 1040.000000
boundary 1040.000000 1120.000000
boundary 1040.000000 1200.000000
boundary 960.000000 1280.000000
boundary 880.000000 1280.000000
boundary 800.000000 1280.000000
boundary 720.000000 1280.000000
boundary 640.000000 1280.000000
boundary 480.000000 1280.000000
boundary 560.000000 1280.000000
boundary 400.000000 1280.000000
boundary 400.000000 1200.000000
boundary 400.000000 1120.000000
boundary 400.000000 1040.000000
boundary 400.000000 960.000000
boundary 400.000000 880.000000
boundary 400.000000 800.000000
boundary 400.000000 720.000000
boundary 400.000000 640.000000
boundary 400.000000 560.000000
boundary 400.000000 480.000000
enemylinear 2040.000000 1000.000000 3 25.500000 12.500000 25.450001 6.400000
enemylinear 1960.000000 522.000000 3 24.500000 6.525000 24.549999 12.550000
enemylinear 1876.000000 998.000000 3 23.450001 12.475000 23.475000 6.450000
enemylinear 1798.000000 516.000000 3 22.475000 6.450000 22.500000 8.550000
enemylinear 1720.000000 678.000000 3 21.500000 8.475000 21.450001 6.400000
enemylinear 1398.000000 1246.000000 3 17.475000 15.575000 17.525000 13.525000
enemylinear 1640.000000 520.000000 3 20.500000 6.500000 20.500000 15.575000
enemylinear 1560.000000 1242.000000 3 19.500000 15.525000 19.500000 6.450000
enemylinear 1480.000000 520.000000 3 18.500000 6.500000 18.500000 15.550000
enemylinear 1240.000000 1244.000000 3 15.500000 15.550000 15.450000 6.400000
enemylinear 1322.000000 522.000000 3 16.525000 6.525000 16.500000 15.625000
enemylinear 1164.000000 522.000000 3 14.550000 6.525000 14.500000 15.550000
enemylinear 1080.000000 682.000000 3 13.500000 8.525000 13.475000 6.400000
enemylinear 1000.000000 524.000000 3 12.500000 6.550000 12.500000 15.525000
enemylinear 922.000000 1248.000000 3 11.525000 15.600000 11.475000 6.475000
enemylinear 844.000000 524.000000 3 10.550000 6.550000 10.500000 15.600000
enemylinear 760.000000 1084.000000 3 9.500000 13.550000 9.475000 15.550000
enemylinear 678.000000 756.000000 3 8.475000 9.450000 8.500000 15.600000
enemylinear 600.000000 1242.000000 3 7.500000 15.525000 7.475000 9.475000
enemylinear 518.000000 760.000000 3 6.475000 9.500000 6.525000 15.500000
finish 1840.000000 1200.000000
finish 1840.000000 1120.000000
finish 1920.000000 1120.000000
finish 1920.000000 1200.000000
finish 2000.000000 1200.000000
finish 2000.000000 1120.000000
standard 2000.000000 1040.000000
standard 2000.000000 960.000000
standard 1920.000000 960.000000
standard 1840.000000 960.000000
standard 2000.000000 880.000000
standard 1920.000000 880.000000
standard 1840.000000 880.000000
standard 1840.000000 800.000000
standard 1920.000000 800.000000
standard 2000.000000 800.000000
standard 2000.000000 720.000000
standard 1920.000000 720.000000
standard 1840.000000 720.000000
standard 1840.000000 640.000000
standard 1920.000000 640.000000
standard 2000.000000 640.000000
standard 2000.000000 560.000000
standard 1920.000000 560.000000
standard 1840.000000 560.000000
standard 2000.000000 480.000000
standard 1920.000000 480.000000
standard 1840.000000 480.000000
standard 1760.000000 480.000000
standard 1760.000000 560.000000
standard 1760.000000 640.000000
standard 1680.000000 640.000000
standard 1680.000000 560.000000
standard 1680.000000 480.000000
standard 1600.000000 480.000000
standard 1520.000000 480.000000
standard 1440.000000 480.000000
standard 1440.000000 560.000000
standard 1520.000000 560.000000
standard 1600.000000 560.000000
standard 1600.000000 640.000000
standard 1520.000000 640.000000
standard 1440.000000 640.000000
standard 1440.000000 720.000000
standard 1520.000000 720.000000
standard 1600.000000 720.000000
standard 1600.000000 800.000000
standard 1520.000000 800.000000
standard 1440.000000 800.000000
standard 1440.000000 880.000000
standard 1520.000000 880.000000
standard 1600.000000 880.000000
standard 1600.000000 960.000000
standard 1520.000000 960.000000
standard 1440.000000 960.000000
standard 1520.000000 1120.000000
standard 1440.000000 1120.000000
standard 1440.000000 1040.000000
standard 1520.000000 1040.000000
standard 1600.000000 1040.000000
standard 1600.000000 1120.000000
standard 1600.000000 1200.000000
standard 1520.000000 1200.000000
standard 1440.000000 1200.000000
standard 1360.000000 1040.000000
standard 1360.000000 1120.000000
standard 1360.000000 1200.000000
standard 1120.000000 1200.000000
standard 1200.000000 1200.000000
standard 1280.000000 1200.000000
standard 1280.000000 1120.000000
standard 1200.000000 1120.000000
standard 1120.000000 1120.000000
standard 1120.000000 1040.000000
standard 1200.000000 1040.000000
standard 1280.000000 1040.000000
standard 1280.000000 960.000000
standard 1200.000000 960.000000
standard 1120.000000 960.000000
standard 1120.000000 880.000000
standard 1200.000000 880.000000
standard 1280.000000 880.000000
standard 1280.000000 800.000000
standard 1200.000000 800.000000
standard 1120.000000 800.000000
standard 1120.000000 720.000000
standard 1200.000000 720.000000
standard 1280.000000 720.000000
standard 1280.000000 640.000000
standard 1200.000000 640.000000
standard 1120.000000 640.000000
standard 1120.000000 560.000000
standard 1200.000000 560.000000
standard 1280.000000 560.000000
standard 1280.000000 480.000000
standard 1200.000000 480.000000
standard 1120.000000 480.000000
standard 1040.000000 640.000000
standard 1040.000000 560.000000
standard 1040.000000 480.000000
standard 960.000000 480.000000
standard 960.000000 560.000000
standard 960.000000 640.000000
standard 880.000000 640.000000
standard 880.000000 560.000000
standard 880.000000 480.000000
standard 800.000000 480.000000
standard 800.000000 560.000000
standard 800.000000 640.000000
standard 800.000000 720.000000
standard 880.000000 720.000000
standard 960.000000 720.000000
standard 960.000000 800.000000
standard 880.000000 800.000000
standard 800.000000 800.000000
standard 800.000000 880.000000
standard 880.000000 880.000000
standard 960.000000 880.000000
standard 960.000000 960.000000
standard 880.000000 960.000000
standard 800.000000 960.000000
standard 880.000000 1120.000000
standard 800.000000 1120.000000
standard 800.000000 1040.000000
standard 880.000000 1040.000000
standard 960.000000 1040.000000
standard 960.000000 1120.000000
standard 960.000000 1200.000000
standard 880.000000 1200.000000
standard 800.000000 1200.000000
standard 720.000000 1200.000000
standard 720.000000 1120.000000
standard 720.000000 1040.000000
start 640.000000 560.000000
start 560.000000 480.000000
start 640.000000 480.000000
start 560.000000 560.000000
start 480.000000 560.000000
start 480.000000 480.000000
standard 480.000000 640.000000
standard 640.000000 720.000000
standard 640.000000 800.000000
standard 480.000000 800.000000
standard 480.000000 720.000000
standard 560.000000 720.000000
standard 560.000000 800.000000
standard 640.000000 880.000000
standard 560.000000 880.000000
standard 480.000000 880.000000
standard 480.000000 960.000000
standard 560.000000 960.000000
standard 640.000000 960.000000
standard 640.000000 1040.000000
standard 560.000000 1040.000000
standard 480.000000 1040.000000
standard 480.000000 1120.000000
standard 560.000000 1120.000000
standard 640.000000 1120.000000
standard 640.000000 1200.000000
standard 560.000000 1200.000000
standard 480.000000 1200.000000 