player 560.000000 892.000000 195 53 29
coin 1640.000000 1080.000000
coin 1160.000000 680.000000
coin 1400.000000 1080.000000
coin 920.000000 680.000000
enemysquare 1840.000000 1040.000000 4.5 23.000000 13.000000 22.500000 13.500000
enemysquare 1680.000000 1040.000000 4.5 21.000000 13.000000 20.500000 13.500000
enemysquare 1840.000000 880.000000 4.5 23.000000 11.000000 22.500000 11.500000
enemysquare 1680.000000 880.000000 4.5 21.000000 11.000000 20.500000 11.500000
enemysquare 1840.000000 720.000000 4.5 23.000000 9.000000 22.500000 9.500000
enemysquare 1680.000000 720.000000 4.5 21.000000 9.000000 20.500000 9.500000
enemysquare 1520.000000 720.000000 4.5 19.000000 9.000000 18.500000 9.500000
enemysquare 1360.000000 720.000000 4.5 17.000000 9.000000 16.500000 9.500000
enemysquare 1200.000000 720.000000 4.5 15.000000 9.000000 14.500000 9.500000
enemysquare 1360.000000 880.000000 4.5 17.000000 11.000000 16.500000 11.500000
enemysquare 1200.000000 880.000000 4.5 15.000000 11.000000 14.500000 11.500000
enemysquare 1360.000000 1040.000000 4.5 17.000000 13.000000 16.500000 13.500000
enemysquare 1200.000000 1040.000000 4.5 15.000000 13.000000 14.500000 13.500000
enemysquare 1040.000000 1040.000000 4.5 13.000000 13.000000 12.500000 13.500000
enemysquare 880.000000 1040.000000 4.5 11.000000 13.000000 10.500000 13.500000
enemysquare 720.000000 1040.000000 4.5 9.000000 13.000000 8.500000 13.500000
enemysquare 880.000000 880.000000 4.5 11.000000 11.000000 10.500000 11.500000
enemysquare 720.000000 880.000000 4.5 9.000000 11.000000 8.500000 11.500000
enemysquare 880.000000 720.000000 4.5 11.000000 9.000000 10.500000 9.500000
enemysquare 720.000000 720.000000 4.5 9.000000 9.000000 8.500000 9.500000
finish 2000.000000 800.000000
finish 2000.000000 880.000000
finish 1920.000000 880.000000
finish 1920.000000 800.000000
start 560.000000 800.000000
start 560.000000 880.000000
start 480.000000 880.000000
start 480.000000 800.000000
boundary 560.000000 640.000000
boundary 640.000000 560.000000
boundary 720.000000 560.000000
boundary 800.000000 560.000000
boundary 880.000000 560.000000
boundary 1040.000000 720.000000
boundary 1040.000000 800.000000
boundary 1040.000000 880.000000
boundary 960.000000 880.000000
boundary 960.000000 800.000000
boundary 960.000000 720.000000
boundary 960.000000 640.000000
boundary 1040.000000 640.000000
boundary 1120.000000 560.000000
boundary 1200.000000 560.000000
boundary 1360.000000 560.000000
boundary 1280.000000 560.000000
boundary 1440.000000 560.000000
boundary 1520.000000 560.000000
boundary 1600.000000 560.000000
boundary 1680.000000 560.000000
boundary 1760.000000 560.000000
boundary 1840.000000 560.000000
boundary 1920.000000 640.000000
boundary 1920.000000 720.000000
boundary 2000.000000 720.000000
boundary 2080.000000 800.000000
boundary 2080.000000 880.000000
boundary 2000.000000 960.000000
boundary 1920.000000 960.000000
boundary 1920.000000 1040.000000
boundary 1840.000000 1120.000000
boundary 1760.000000 1120.000000
boundary 1680.000000 1120.000000
boundary 1600.000000 1120.000000
boundary 1520.000000 1040.000000
boundary 1520.000000 800.000000
boundary 1520.000000 880.000000
boundary 1520.000000 960.000000
boundary 1440.000000 960.000000
boundary 1440.000000 880.000000
boundary 1440.000000 800.000000
boundary 1440.000000 1040.000000
boundary 1360.000000 1120.000000
boundary 1280.000000 1120.000000
boundary 1200.000000 1120.000000
boundary 1120.000000 1120.000000
boundary 1040.000000 1120.000000
boundary 960.000000 1120.000000
boundary 880.000000 1120.000000
boundary 800.000000 1120.000000
boundary 720.000000 1120.000000
boundary 640.000000 1120.000000
boundary 560.000000 1040.000000
boundary 560.000000 960.000000
boundary 480.000000 960.000000
boundary 400.000000 880.000000
boundary 400.000000 800.000000
boundary 480.000000 720.000000
boundary 560.000000 720.000000
standard 640.000000 960.000000
standard 640.000000 1040.000000
standard 720.000000 1040.000000
standard 720.000000 960.000000
standard 720.000000 880.000000
standard 640.000000 880.000000
standard 640.000000 800.000000
standard 720.000000 800.000000
standard 720.000000 720.000000
standard 720.000000 640.000000
standard 640.000000 720.000000
standard 640.000000 640.000000
standard 800.000000 800.000000
standard 800.000000 720.000000
standard 800.000000 640.000000
standard 880.000000 640.000000
standard 880.000000 720.000000
standard 880.000000 800.000000
standard 880.000000 880.000000
standard 800.000000 880.000000
standard 800.000000 960.000000
standard 800.000000 1040.000000
standard 880.000000 1040.000000
standard 880.000000 960.000000
standard 960.000000 960.000000
standard 960.000000 1040.000000
standard 1040.000000 1040.000000
standard 1040.000000 960.000000
standard 1760.000000 720.000000
standard 1760.000000 800.000000
standard 1680.000000 800.000000
standard 1680.000000 720.000000
standard 1680.000000 640.000000
standard 1760.000000 640.000000
standard 1840.000000 640.000000
standard 1840.000000 720.000000
standard 1840.000000 800.000000
standard 1840.000000 960.000000
standard 1840.000000 880.000000
standard 1760.000000 880.000000
standard 1680.000000 880.000000
standard 1680.000000 960.000000
standard 1760.000000 960.000000
standard 1760.000000 1040.000000
standard 1840.000000 1040.000000
standard 1680.000000 1040.000000
standard 1600.000000 1040.000000
standard 1600.000000 960.000000
standard 1600.000000 880.000000
standard 1600.000000 800.000000
standard 1600.000000 640.000000
standard 1600.000000 720.000000
standard 1520.000000 640.000000
standard 1520.000000 720.000000
standard 1440.000000 720.000000
standard 1440.000000 640.000000
standard 1120.000000 960.000000
standard 1120.000000 1040.000000
standard 1200.000000 1040.000000
standard 1200.000000 960.000000
standard 1280.000000 960.000000
standard 1280.000000 1040.000000
standard 1360.000000 1040.000000
standard 1360.000000 960.000000
standard 1360.000000 640.000000
standard 1360.000000 720.000000
standard 1280.000000 720.000000
standard 1280.000000 640.000000
standard 1200.000000 640.000000
standard 1200.000000 720.000000
standard 1120.000000 640.000000
standard 1120.000000 720.000000
standard 1120.000000 800.000000
standard 1120.000000 880.000000
standard 1200.000000 880.000000
standard 1280.000000 880.000000
standard 1360.000000 880.000000
standard 1360.000000 800.000000
standard 1280.000000 800.000000
standard 1200.000000 800.000000 