player 666.000000 884.000000 195 53 29
boundary 720.000000 640.000000
boundary 800.000000 560.000000
boundary 880.000000 560.000000
boundary 960.000000 560.000000
boundary 1040.000000 560.000000
boundary 1120.000000 560.000000
boundary 1200.000000 560.000000
boundary 1280.000000 560.000000
boundary 1360.000000 560.000000
boundary 1440.000000 560.000000
boundary 1520.000000 560.000000
boundary 1600.000000 560.000000
boundary 1680.000000 560.000000
boundary 1760.000000 640.000000
boundary 1760.000000 720.000000
boundary 1840.000000 720.000000
boundary 1920.000000 720.000000
boundary 2000.000000 800.000000
boundary 2000.000000 880.000000
boundary 1920.000000 960.000000
boundary 1840.000000 960.000000
boundary 1760.000000 960.000000
boundary 1760.000000 1040.000000
boundary 1680.000000 1120.000000
boundary 1600.000000 1120.000000
boundary 1520.000000 1120.000000
boundary 1440.000000 1120.000000
boundary 1360.000000 1120.000000
boundary 1280.000000 1120.000000
boundary 1200.000000 1120.000000
boundary 1120.000000 1120.000000
boundary 1040.000000 1120.000000
boundary 960.000000 1120.000000
boundary 880.000000 1120.000000
boundary 800.000000 1120.000000
boundary 720.000000 1040.000000
boundary 720.000000 960.000000
boundary 640.000000 960.000000
boundary 560.000000 960.000000
boundary 480.000000 880.000000
boundary 480.000000 800.000000
boundary 560.000000 720.000000
boundary 640.000000 720.000000
boundary 720.000000 720.000000
coin 1280.000000 880.000000
enemylinear 1640.000000 760.000000 2 20.500000 9.500000 20.500000 13.500000
enemylinear 1640.000000 680.000000 2 20.500000 8.500000 20.500000 13.500000
enemylinear 1560.000000 1000.000000 2 19.500000 12.500000 19.500000 8.500000
enemylinear 1560.000000 1080.000000 2 19.500000 13.500000 19.500000 8.500000
enemylinear 1480.000000 760.000000 2 18.500000 9.500000 18.500000 13.500000
enemylinear 1480.000000 680.000000 2 18.500000 8.500000 18.500000 13.500000
enemylinear 1400.000000 1000.000000 2 17.500000 12.500000 17.500000 8.500000
enemylinear 1400.000000 1080.000000 2 17.500000 13.500000 17.500000 8.500000
enemylinear 1320.000000 760.000000 2 16.500000 9.500000 16.500000 13.500000
enemylinear 1320.000000 680.000000 2 16.500000 8.500000 16.500000 13.500000
enemylinear 1240.000000 1000.000000 2 15.500000 12.500000 15.500000 8.500000
enemylinear 1240.000000 1080.000000 2 15.500000 13.500000 15.500000 8.500000
enemylinear 1160.000000 760.000000 2 14.500000 9.500000 14.500000 13.500000
enemylinear 1160.000000 680.000000 2 14.500000 8.500000 14.500000 13.500000
enemylinear 1080.000000 1000.000000 2 13.500000 12.500000 13.500000 8.500000
enemylinear 1080.000000 1080.000000 2 13.500000 13.500000 13.500000 8.500000
enemylinear 1000.000000 760.000000 2 12.500000 9.500000 12.500000 13.500000
enemylinear 1000.000000 680.000000 2 12.500000 8.500000 12.500000 13.500000
enemylinear 920.000000 1000.000000 2 11.500000 12.500000 11.500000 8.500000
enemylinear 920.000000 1080.000000 2 11.500000 13.500000 11.500000 8.500000
enemylinear 1720.000000 680.000000 2 21.500000 8.500000 10.500000 8.500000
enemylinear 1720.000000 1080.000000 2 21.500000 13.500000 21.500000 8.500000
enemylinear 840.000000 1080.000000 2 10.500000 13.500000 21.500000 13.500000
enemylinear 840.000000 680.000000 2 10.500000 8.500000 10.500000 13.500000
finish 1920.000000 880.000000
finish 1920.000000 800.000000
finish 1840.000000 800.000000
finish 1840.000000 880.000000
finish 1760.000000 880.000000
finish 1760.000000 800.000000
start 640.000000 800.000000
start 560.000000 800.000000
start 560.000000 880.000000
start 640.000000 880.000000
start 720.000000 880.000000
start 720.000000 800.000000
standard 880.000000 960.000000
standard 800.000000 960.000000
standard 800.000000 1040.000000
standard 880.000000 1040.000000
standard 960.000000 1040.000000
standard 960.000000 960.000000
standard 1040.000000 960.000000
standard 1040.000000 1040.000000
standard 1120.000000 1040.000000
standard 1120.000000 960.000000
standard 1200.000000 960.000000
standard 1280.000000 960.000000
standard 1200.000000 1040.000000
standard 1280.000000 1040.000000
standard 1440.000000 1040.000000
standard 1360.000000 1040.000000
standard 1360.000000 960.000000
standard 1440.000000 960.000000
standard 1520.000000 960.000000
standard 1600.000000 960.000000
standard 1600.000000 1040.000000
standard 1520.000000 1040.000000
standard 1680.000000 1040.000000
standard 1680.000000 960.000000
standard 1680.000000 720.000000
standard 1680.000000 640.000000
standard 1600.000000 640.000000
standard 1600.000000 720.000000
standard 1520.000000 720.000000
standard 1520.000000 640.000000
standard 1440.000000 640.000000
standard 1440.000000 720.000000
standard 1360.000000 720.000000
standard 1360.000000 640.000000
standard 1280.000000 640.000000
standard 1280.000000 720.000000
standard 1200.000000 720.000000
standard 1200.000000 640.000000
standard 1120.000000 640.000000
standard 1120.000000 720.000000
standard 1040.000000 720.000000
standard 1040.000000 640.000000
standard 960.000000 640.000000
standard 960.000000 720.000000
standard 880.000000 720.000000
standard 880.000000 640.000000
standard 800.000000 640.000000
standard 800.000000 720.000000
standard 1680.000000 880.000000
standard 1680.000000 800.000000
standard 800.000000 880.000000
standard 800.000000 800.000000
standard 1600.000000 800.000000
standard 1600.000000 880.000000
standard 1520.000000 880.000000
standard 1520.000000 800.000000
standard 1440.000000 800.000000
standard 1440.000000 880.000000
standard 1360.000000 880.000000
standard 1360.000000 800.000000
standard 1360.000000 800.000000
standard 880.000000 800.000000
standard 880.000000 880.000000
standard 960.000000 880.000000
standard 960.000000 800.000000
standard 1040.000000 800.000000
standard 1040.000000 880.000000
standard 1120.000000 880.000000
standard 1120.000000 800.000000
standard 1280.000000 800.000000
standard 1280.000000 880.000000
standard 1200.000000 880.000000
standard 1200.000000 800.000000 