boundary 1120.000000 320.000000
boundary 1200.000000 320.000000
boundary 1280.000000 320.000000
boundary 1360.000000 320.000000
boundary 1440.000000 400.000000
boundary 1440.000000 480.000000
boundary 1440.000000 560.000000
boundary 1440.000000 640.000000
boundary 1520.000000 640.000000
boundary 1600.000000 720.000000
boundary 1600.000000 800.000000
boundary 1600.000000 880.000000
boundary 1600.000000 960.000000
boundary 1520.000000 1040.000000
boundary 1440.000000 1040.000000
boundary 1440.000000 1120.000000
boundary 1440.000000 1200.000000
boundary 1440.000000 1280.000000
boundary 1360.000000 1360.000000
boundary 1280.000000 1360.000000
boundary 1200.000000 1360.000000
boundary 1120.000000 1360.000000
boundary 1040.000000 1280.000000
boundary 1040.000000 1200.000000
boundary 1040.000000 1120.000000
boundary 1040.000000 1040.000000
boundary 960.000000 1040.000000
boundary 880.000000 960.000000
boundary 880.000000 880.000000
boundary 880.000000 800.000000
boundary 880.000000 720.000000
boundary 960.000000 640.000000
boundary 1040.000000 640.000000
boundary 1040.000000 560.000000
boundary 1040.000000 480.000000
boundary 1040.000000 400.000000
player 1264.000000 474.000000 195 53 29
coin 1520.000000 800.000000
coin 1520.000000 960.000000
coin 1040.000000 960.000000
coin 1040.000000 800.000000
enemylinear 1000.000000 1000.000000 3 12.500000 12.500000 19.500000 12.500000
enemylinear 1000.000000 840.000000 3 12.500000 10.500000 19.500000 10.500000
enemylinear 1560.000000 920.000000 3 19.500000 11.500000 12.500000 11.500000
enemylinear 1560.000000 760.000000 3 19.500000 9.500000 12.500000 9.500000
enemylinear 1400.000000 1160.000000 3 17.500000 14.500000 17.500000 7.500000
enemylinear 1240.000000 1160.000000 3 15.500000 14.500000 15.500000 7.500000
enemylinear 1320.000000 600.000000 3 16.500000 7.500000 16.500000 14.500000
enemylinear 1160.000000 600.000000 3 14.500000 7.500000 14.500000 14.500000
finish 1120.000000 1280.000000
finish 1200.000000 1280.000000
finish 1280.000000 1280.000000
finish 1360.000000 1280.000000
finish 1360.000000 1200.000000
finish 1280.000000 1200.000000
finish 1200.000000 1200.000000
finish 1120.000000 1200.000000
start 1360.000000 480.000000
start 1360.000000 400.000000
start 1280.000000 400.000000
start 1280.000000 480.000000
start 1200.000000 480.000000
start 1200.000000 400.000000
start 1120.000000 400.000000
start 1120.000000 480.000000
standard 1120.000000 1120.000000
standard 1200.000000 1120.000000
standard 1280.000000 1120.000000
standard 1360.000000 1120.000000
standard 1360.000000 1040.000000
standard 1280.000000 1040.000000
standard 1200.000000 1040.000000
standard 1120.000000 1040.000000
standard 1120.000000 560.000000
standard 1200.000000 560.000000
standard 1280.000000 560.000000
standard 1360.000000 560.000000
standard 1360.000000 640.000000
standard 1280.000000 640.000000
standard 1200.000000 640.000000
standard 1120.000000 640.000000
standard 1360.000000 960.000000
standard 1360.000000 880.000000
standard 1280.000000 880.000000
standard 1280.000000 960.000000
standard 1200.000000 960.000000
standard 1200.000000 880.000000
standard 1120.000000 960.000000
standard 1120.000000 880.000000
standard 1040.000000 880.000000
standard 1040.000000 960.000000
standard 960.000000 960.000000
standard 960.000000 880.000000
standard 960.000000 720.000000
standard 1040.000000 720.000000
standard 1120.000000 720.000000
standard 1200.000000 720.000000
standard 1280.000000 720.000000
standard 1360.000000 720.000000
standard 1440.000000 720.000000
standard 1520.000000 720.000000
standard 1520.000000 960.000000
standard 1440.000000 960.000000
standard 1440.000000 880.000000
standard 1520.000000 880.000000
standard 1520.000000 800.000000
standard 1440.000000 800.000000
standard 1280.000000 800.000000
standard 1360.000000 800.000000
standard 960.000000 800.000000
standard 1040.000000 800.000000
standard 1120.000000 800.000000
standard 1200.000000 800.000000 