player 1282.000000 884.000000 195 53 29
coin 1280.000000 1280.000000
coin 1680.000000 880.000000
coin 1280.000000 480.000000
coin 880.000000 880.000000
enemycircular 1440.000000 960.000000 2 18.000000 12.000000 18.000000 12.000000
enemycircular 1520.000000 880.000000 2 19.000000 11.000000 19.000000 11.000000
enemycircular 1360.000000 720.000000 2 17.000000 9.000000 17.000000 9.000000
enemycircular 1280.000000 640.000000 2 16.000000 8.000000 16.000000 8.000000
enemycircular 1120.000000 800.000000 2 14.000000 10.000000 14.000000 10.000000
enemycircular 1040.000000 880.000000 2 13.000000 11.000000 13.000000 11.000000
enemycircular 1200.000000 1040.000000 2 15.000000 13.000000 15.000000 13.000000
enemycircular 1280.000000 1120.000000 2 16.000000 14.000000 16.000000 14.000000
enemycircular 1400.000000 760.000000 2 17.500000 9.500000 17.500000 9.500000
enemycircular 1320.000000 680.000000 2 16.500000 8.500000 16.500000 8.500000
enemycircular 1240.000000 600.000000 2 15.500000 7.500000 15.500000 7.500000
enemycircular 1400.000000 1000.000000 2 17.500000 12.500000 17.500000 12.500000
enemycircular 1480.000000 920.000000 2 18.500000 11.500000 18.500000 11.500000
enemycircular 1560.000000 840.000000 2 19.500000 10.500000 19.500000 10.500000
enemycircular 1160.000000 760.000000 2 14.500000 9.500000 14.500000 9.500000
enemycircular 1080.000000 840.000000 2 13.500000 10.500000 13.500000 10.500000
enemycircular 1000.000000 920.000000 2 12.500000 11.500000 12.500000 11.500000
enemycircular 1160.000000 1000.000000 2 14.500000 12.500000 14.500000 12.500000
enemycircular 1240.000000 1080.000000 2 15.500000 13.500000 15.500000 13.500000
enemycircular 1320.000000 1160.000000 2 16.500000 14.500000 16.500000 14.500000
enemysquare 1280.000000 880.000000 3.1415 16.000000 11.000000 17.500000 11.500000
enemysquare 1280.000000 880.000000 3.1415 16.000000 11.000000 14.500000 10.500000
enemysquare 1280.000000 880.000000 1.886 16.000000 11.000000 13.500000 12.500000
enemysquare 1280.000000 880.000000 1.886 16.000000 11.000000 18.500000 9.500000
enemysquare 1280.000000 880.000000 1.339 16.000000 11.000000 12.500000 14.500000
enemysquare 1280.000000 880.000000 1.339 16.000000 11.000000 19.500000 7.500000
boundary 1040.000000 480.000000
boundary 960.000000 480.000000
boundary 880.000000 560.000000
boundary 880.000000 640.000000
boundary 880.000000 720.000000
boundary 800.000000 720.000000
boundary 720.000000 800.000000
boundary 720.000000 880.000000
boundary 800.000000 960.000000
boundary 880.000000 960.000000
boundary 880.000000 1040.000000
boundary 880.000000 1120.000000
boundary 960.000000 1200.000000
boundary 1040.000000 1200.000000
boundary 1120.000000 1200.000000
boundary 1120.000000 1280.000000
boundary 1200.000000 1360.000000
boundary 1280.000000 1360.000000
boundary 1360.000000 1280.000000
boundary 1360.000000 1200.000000
boundary 1440.000000 1200.000000
boundary 1520.000000 1200.000000
boundary 1600.000000 1120.000000
boundary 1600.000000 1040.000000
boundary 1600.000000 960.000000
boundary 1680.000000 960.000000
boundary 1760.000000 880.000000
boundary 1760.000000 800.000000
boundary 1680.000000 720.000000
boundary 1600.000000 720.000000
boundary 1600.000000 640.000000
boundary 1600.000000 560.000000
boundary 1520.000000 480.000000
boundary 1440.000000 480.000000
boundary 1360.000000 480.000000
boundary 1360.000000 400.000000
boundary 1280.000000 320.000000
boundary 1200.000000 320.000000
boundary 1120.000000 400.000000
boundary 1120.000000 480.000000
finish 1200.000000 880.000000
finish 1280.000000 880.000000
finish 1280.000000 800.000000
finish 1200.000000 800.000000
standard 1280.000000 1200.000000
standard 1280.000000 1280.000000
standard 1200.000000 1280.000000
standard 1200.000000 1200.000000
standard 880.000000 880.000000
standard 800.000000 880.000000
standard 800.000000 800.000000
standard 880.000000 800.000000
standard 1280.000000 480.000000
standard 1280.000000 400.000000
standard 1200.000000 400.000000
standard 1200.000000 480.000000
standard 1680.000000 800.000000
standard 1680.000000 880.000000
standard 1600.000000 880.000000
standard 1600.000000 800.000000
standard 1120.000000 640.000000
standard 1040.000000 640.000000
standard 1040.000000 720.000000
standard 960.000000 720.000000
standard 1120.000000 720.000000
standard 1120.000000 800.000000
standard 1040.000000 800.000000
standard 1040.000000 880.000000
standard 1120.000000 880.000000
standard 1120.000000 960.000000
standard 1040.000000 960.000000
standard 1040.000000 1040.000000
standard 1120.000000 1040.000000
standard 1440.000000 960.000000
standard 1440.000000 880.000000
standard 1440.000000 800.000000
standard 1440.000000 720.000000
standard 1440.000000 640.000000
standard 1360.000000 640.000000
standard 1360.000000 720.000000
standard 1360.000000 800.000000
standard 1360.000000 880.000000
standard 1360.000000 960.000000
standard 1360.000000 1040.000000
standard 1440.000000 1040.000000
standard 1520.000000 1040.000000
standard 1520.000000 960.000000
standard 1520.000000 880.000000
standard 1520.000000 800.000000
standard 1520.000000 720.000000
standard 1520.000000 640.000000
standard 1440.000000 560.000000
standard 1520.000000 560.000000
standard 1360.000000 560.000000
standard 1120.000000 560.000000
standard 1040.000000 560.000000
standard 960.000000 560.000000
standard 960.000000 720.000000
standard 960.000000 640.000000
standard 960.000000 880.000000
standard 960.000000 800.000000
standard 960.000000 960.000000
standard 960.000000 1040.000000
standard 960.000000 1120.000000
standard 1040.000000 1120.000000
standard 1120.000000 1120.000000
standard 1520.000000 1120.000000
standard 1440.000000 1120.000000
standard 1360.000000 1120.000000
standard 1280.000000 1120.000000
standard 1200.000000 1040.000000
standard 1200.000000 1120.000000
standard 1280.000000 1040.000000
standard 1280.000000 960.000000
standard 1200.000000 960.000000
standard 1200.000000 640.000000
standard 1200.000000 720.000000
standard 1200.000000 560.000000
standard 1280.000000 560.000000
standard 1280.000000 640.000000
standard 1280.000000 720.000000
standard 1280.000000 800.000000
standard 1280.000000 880.000000
standard 1200.000000 880.000000
standard 1200.000000 800.000000 